Started: 2021. 05. 13. 22:05:46 | Ended: 22:05:48.0113478
Started: 2021. 05. 13. 22:05:49 | Ended: 22:05:50.2746057
Started: 2021. 05. 13. 22:05:51 | Ended: 22:05:52.7864041
