Started: 2021. 05. 13. 19:17:36 | Ended: 19:17:37.3709585
Started: 2021. 05. 13. 19:19:09 | Ended: 19:19:11.1979477
Started: 2021. 05. 13. 19:19:13 | Ended: 19:19:14.3137418
